  -1.1962641e-01  -2.7011083e-01  -2.5869066e-01  -1.2136647e-01  -4.5732222e-01  -2.5885998e-01  -1.8172452e-01   2.0784466e-03  -5.3509627e-02   2.4416643e-01   2.5241861e-01   3.0356252e-01   3.8210300e-01   3.5038349e-01   1.8649822e-01
  -1.3436106e-01  -2.7790787e-01  -2.9324837e-01  -1.4057240e-01  -4.0991807e-01  -2.6034173e-01  -1.8673087e-01   2.8724379e-02  -5.0918510e-02   2.4504963e-01   2.7359880e-01   2.8259824e-01   4.0072760e-01   3.4099339e-01   1.8230683e-01
  -1.4951782e-01  -2.7882503e-01  -3.2353910e-01  -1.8354085e-01  -3.5906899e-01  -2.5608830e-01  -1.8942134e-01   5.0895272e-02  -3.7606738e-02   2.3957604e-01   2.9405900e-01   2.6236498e-01   4.1221778e-01   3.3029190e-01   1.8820319e-01
  -1.6384203e-01  -2.7214491e-01  -3.4485735e-01  -2.4203633e-01  -3.1140113e-01  -2.4689685e-01  -1.8883693e-01   6.6111400e-02  -1.5718640e-02   2.2853545e-01   3.1176757e-01   2.4465759e-01   4.1519045e-01   3.1798324e-01   2.0148847e-01
  -1.7655504e-01  -2.5867171e-01  -3.5373810e-01  -3.0719096e-01  -2.7342587e-01  -2.3416926e-01  -1.8432222e-01   7.2343806e-02   1.2301484e-02   2.1437900e-01   3.2534229e-01   2.3131847e-01   4.0975434e-01   3.0419997e-01   2.1843379e-01
  -1.8771178e-01  -2.4148198e-01  -3.4824473e-01  -3.7186587e-01  -2.4780760e-01  -2.1991018e-01  -1.7594851e-01   6.8064455e-02   4.3886774e-02   2.0000944e-01   3.3383874e-01   2.2378814e-01   3.9881956e-01   2.8904575e-01   2.3551778e-01
  -1.9837017e-01  -2.2432808e-01  -3.2780845e-01  -4.3145025e-01  -2.3335600e-01  -2.0665883e-01  -1.6449883e-01   5.4796612e-02   7.6589957e-02   1.8767439e-01   3.3694344e-01   2.2300210e-01   3.8570699e-01   2.7226765e-01   2.4948946e-01
  -2.0945438e-01  -2.1014039e-01  -2.9485009e-01  -4.8192379e-01  -2.2827601e-01  -1.9625812e-01  -1.5027659e-01   3.5484016e-02   1.0846297e-01   1.7886443e-01   3.3590821e-01   2.2940884e-01   3.7250414e-01   2.5359364e-01   2.5695312e-01
  -2.2162323e-01  -2.0131208e-01  -2.5538641e-01  -5.1892993e-01  -2.3071148e-01  -1.8943919e-01  -1.3303687e-01   1.2597623e-02   1.3809997e-01   1.7486780e-01   3.3211034e-01   2.4351712e-01   3.6063582e-01   2.3437833e-01   2.5423216e-01
  -2.3581162e-01  -2.0054355e-01  -2.1523333e-01  -5.3853470e-01  -2.3935364e-01  -1.8672194e-01  -1.1235775e-01  -1.1795635e-02   1.6542705e-01   1.7720549e-01   3.2685459e-01   2.6576342e-01   3.5160864e-01   2.1618925e-01   2.3730372e-01
  -2.5169747e-01  -2.0978023e-01  -1.7879482e-01  -5.3996044e-01  -2.5177803e-01  -1.8763204e-01  -8.7003135e-02  -3.5366877e-02   1.9032143e-01   1.8731397e-01   3.2016283e-01   2.9452245e-01   3.4576723e-01   1.9993284e-01   2.0399228e-01
  -2.6736107e-01  -2.3004883e-01  -1.5040357e-01  -5.2380995e-01  -2.6400257e-01  -1.9072664e-01  -5.7373112e-02  -5.4863499e-02   2.1144725e-01   2.0537139e-01   3.1075614e-01   3.2649093e-01   3.4226631e-01   1.8617082e-01   1.5608640e-01
  -2.8059991e-01  -2.5926402e-01  -1.3587566e-01  -4.9159013e-01  -2.7204232e-01  -1.9461420e-01  -2.5461249e-02  -6.6096992e-02   2.2711669e-01   2.2892030e-01   2.9806511e-01   3.5791635e-01   3.3988477e-01   1.7637541e-01   9.7265848e-02
  -2.8911203e-01  -2.9221022e-01  -1.4165862e-01  -4.4657694e-01  -2.7414055e-01  -1.9786234e-01   6.0234228e-03  -6.5497779e-02   2.3590009e-01   2.5487428e-01   2.8259459e-01   3.8499261e-01   3.3648292e-01   1.7285816e-01   3.3332395e-02
  -2.9063725e-01  -3.2277953e-01  -1.7232769e-01  -3.9371700e-01  -2.6969864e-01  -1.9891996e-01   3.4054310e-02  -5.3409953e-02   2.3701528e-01   2.8008797e-01   2.6561134e-01   4.0424471e-01   3.3044807e-01   1.7815428e-01  -2.8125944e-02
  -2.8452139e-01  -3.4601639e-01  -2.2301751e-01  -3.4050328e-01  -2.5970774e-01  -1.9718175e-01   5.5358095e-02  -3.2168891e-02   2.3060587e-01   3.0184739e-01   2.4882437e-01   4.1349129e-01   3.2114284e-01   1.9128546e-01  -7.9438376e-02
  -2.7178783e-01  -3.5887449e-01  -2.8505215e-01  -2.9525395e-01  -2.4638902e-01  -1.9264752e-01   6.7300056e-02  -4.7285385e-03   2.1856350e-01   3.1867640e-01   2.3445956e-01   4.1255315e-01   3.0901040e-01   2.0851799e-01  -1.1434756e-01
  -2.5549804e-01  -3.5970823e-01  -3.5113517e-01  -2.6392084e-01  -2.3224246e-01  -1.8568105e-01   6.7926710e-02   2.6104848e-02   2.0410651e-01   3.2989561e-01   2.2442961e-01   4.0383314e-01   2.9462536e-01   2.2639087e-01  -1.2912686e-01
  -2.3931834e-01  -3.4757980e-01  -4.1603375e-01  -2.4619080e-01  -2.1966124e-01  -1.7681561e-01   5.7289512e-02   5.8072991e-02   1.9005610e-01   3.3523774e-01   2.2017831e-01   3.9125701e-01   2.7823999e-01   2.4192258e-01  -1.2665469e-01
  -2.2618649e-01  -3.2232173e-01  -4.7559601e-01  -2.4005266e-01  -2.1049269e-01  -1.6624588e-01   3.8394664e-02   8.9432817e-02   1.7833436e-01   3.3542592e-01   2.2253523e-01   3.7752122e-01   2.5935290e-01   2.5202978e-01  -1.1213143e-01
  -2.1812997e-01  -2.8833093e-01  -5.2492711e-01  -2.4312261e-01  -2.0546453e-01  -1.5338229e-01   1.4033675e-02   1.1877603e-01   1.7035902e-01   3.3186150e-01   2.3207280e-01   3.6408545e-01   2.3861508e-01   2.5309345e-01  -8.9539560e-02
  -2.1754278e-01  -2.5127218e-01  -5.5914779e-01  -2.5368351e-01  -2.0487313e-01  -1.3758668e-01  -1.3470101e-02   1.4555235e-01   1.6770323e-01   3.2587898e-01   2.4966017e-01   3.5244006e-01   2.1766724e-01   2.4109164e-01  -6.2417523e-02
  -2.2682615e-01  -2.1608736e-01  -5.7506554e-01  -2.6988982e-01  -2.0869228e-01  -1.1760589e-01  -4.1815298e-02   1.7010076e-01   1.7224096e-01   3.1840143e-01   2.7499189e-01   3.4385393e-01   1.9798295e-01   2.1215639e-01  -3.3745965e-02
  -2.4718545e-01  -1.8660576e-01  -5.7240656e-01  -2.8782164e-01  -2.1537715e-01  -9.2374908e-02  -6.7793459e-02   1.9169414e-01   1.8529907e-01   3.0851677e-01   3.0548330e-01   3.3788503e-01   1.8030799e-01   1.6664085e-01  -6.2622043e-03
  -2.7794682e-01  -1.6782150e-01  -5.5102881e-01  -3.0247954e-01  -2.2288802e-01  -6.2919845e-02  -8.6863064e-02   2.0888140e-01   2.0585729e-01   2.9543371e-01   3.3764405e-01   3.3394301e-01   1.6611981e-01   1.0768647e-01   1.6381880e-02
  -3.1421648e-01  -1.6615782e-01  -5.1288394e-01  -3.1032960e-01  -2.2935233e-01  -3.1456044e-02  -9.3975688e-02   2.2019581e-01   2.3113438e-01   2.7948519e-01   3.6768801e-01   3.3032771e-01   1.5791083e-01   4.0733852e-02   3.0896137e-02
  -3.4935418e-01  -1.8783063e-01  -4.6181204e-01  -3.0991497e-01  -2.3275176e-01  -9.3515168e-04  -8.7303412e-02   2.2442637e-01   2.5780830e-01   2.6177945e-01   3.9154661e-01   3.2501747e-01   1.5859157e-01  -2.6592693e-02   3.7325063e-02
  -3.7696207e-01  -2.3244927e-01  -4.0449103e-01  -3.0121316e-01  -2.3176315e-01   2.5098850e-02  -6.8554160e-02   2.2109977e-01   2.8245195e-01   2.4385094e-01   4.0583543e-01   3.1671537e-01   1.6932625e-01  -8.5599988e-02   3.6654270e-02
  -3.9303133e-01  -2.9114071e-01  -3.5015211e-01  -2.8637858e-01  -2.2636138e-01   4.3238783e-02  -4.0954323e-02   2.1121906e-01   3.0270448e-01   2.2791112e-01   4.0934032e-01   3.0546869e-01   1.8657706e-01  -1.2873167e-01   3.0290596e-02
  -3.9586139e-01  -3.5557117e-01  -3.0751135e-01  -2.6857528e-01  -2.1727152e-01   5.0928059e-02  -8.0761386e-03   1.9781790e-01   3.1747268e-01   2.1615508e-01   4.0333476e-01   2.9198467e-01   2.0629731e-01  -1.5090842e-01   1.9784810e-02
  -3.8527541e-01  -4.1992048e-01  -2.7963325e-01  -2.5113548e-01  -2.0570030e-01   4.6665047e-02   2.6942521e-02   1.8406699e-01   3.2638342e-01   2.1017959e-01   3.9193824e-01   2.7678982e-01   2.2501026e-01  -1.5254757e-01   6.2366093e-03
  -3.6112315e-01  -4.8030292e-01  -2.6502055e-01  -2.3674056e-01  -1.9255344e-01   3.2587014e-02   6.1831222e-02   1.7224260e-01   3.2961294e-01   2.1094178e-01   3.7872985e-01   2.5963522e-01   2.3961429e-01  -1.3959880e-01  -9.8555006e-03
  -3.2622261e-01  -5.3261107e-01  -2.6139560e-01  -2.2686231e-01  -1.7777406e-01   1.1705365e-02   9.4934490e-02   1.6375780e-01   3.2855943e-01   2.1886717e-01   3.6556322e-01   2.4027010e-01   2.4661108e-01  -1.1704061e-01  -2.8362388e-02
  -2.8649251e-01  -5.7225548e-01  -2.6673219e-01  -2.2198138e-01  -1.6084948e-01  -1.3565586e-02   1.2510441e-01   1.5991265e-01   3.2450859e-01   2.3456361e-01   3.5371735e-01   2.2002470e-01   2.4204032e-01  -8.8829325e-02  -4.9165669e-02
  -2.4771236e-01  -5.9536375e-01  -2.7978074e-01  -2.2265439e-01  -1.4115104e-01  -4.1251741e-02   1.5251640e-01   1.6236852e-01   3.1872690e-01   2.5848367e-01   3.4469852e-01   2.0040021e-01   2.2148519e-01  -5.8497799e-02  -7.2267598e-02
  -2.1416470e-01  -6.0144838e-01  -2.9786035e-01  -2.2823302e-01  -1.1718283e-01  -6.8907708e-02   1.7706833e-01   1.7277918e-01   3.1101043e-01   2.8895578e-01   3.3871955e-01   1.8222919e-01   1.8296360e-01  -2.8830843e-02  -9.7098215e-02
  -1.9042586e-01  -5.9076514e-01  -3.1667999e-01  -2.3712433e-01  -8.9255778e-02  -9.2857348e-02   1.9759191e-01   1.9151403e-01   3.0023500e-01   3.2297083e-01   3.3523626e-01   1.6640622e-01   1.2834202e-01  -3.1050397e-03  -1.2208277e-01
  -1.8263105e-01  -5.6418906e-01  -3.3177764e-01  -2.4751909e-01  -5.8874702e-02  -1.0803491e-01   2.1278194e-01   2.1656585e-01   2.8627217e-01   3.5727108e-01   3.3330542e-01   1.5512081e-01   6.1555070e-02   1.4799899e-02  -1.4464578e-01
  -1.9769360e-01  -5.2375934e-01  -3.4063858e-01  -2.5718174e-01  -2.8266691e-02  -1.1013861e-01   2.2130413e-01   2.4515525e-01   2.6981177e-01   3.8801581e-01   3.3077379e-01   1.5142547e-01  -1.1128729e-02   2.3661715e-02  -1.6134067e-01
  -2.3995356e-01  -4.7312206e-01  -3.4135721e-01  -2.6348284e-01  -3.8279063e-04  -9.8868726e-02   2.2197493e-01   2.7373595e-01   2.5190729e-01   4.1077767e-01   3.2548791e-01   1.5824838e-01  -8.1081913e-02   2.4351005e-02  -1.6823403e-01
  -3.0253847e-01  -4.1943789e-01  -3.3386941e-01  -2.6479537e-01   2.1094428e-02  -7.6115354e-02   2.1448640e-01   2.9872901e-01   2.3417954e-01   4.2209301e-01   3.1619415e-01   1.7393387e-01  -1.3886645e-01   1.8097373e-02  -1.6318483e-01
  -3.7445464e-01  -3.7142556e-01  -3.1963070e-01  -2.6016893e-01   3.3026733e-02  -4.4847877e-02   2.0086041e-01   3.1768411e-01   2.1903282e-01   4.2079367e-01   3.0294382e-01   1.9404561e-01  -1.7604822e-01   6.8291039e-03  -1.4864036e-01
  -4.4610682e-01  -3.3557283e-01  -3.0135792e-01  -2.4982975e-01   3.3042969e-02  -8.6067948e-03   1.8482610e-01   3.2929349e-01   2.0872944e-01   4.0962199e-01   2.8638372e-01   2.1430122e-01  -1.8802401e-01  -7.5560848e-03  -1.2914471e-01
  -5.1063841e-01  -3.1167871e-01  -2.8218805e-01  -2.3472388e-01   2.1900979e-02   2.9390890e-02   1.6983957e-01   3.3329434e-01   2.0503331e-01   3.9337068e-01   2.6718932e-01   2.3109628e-01  -1.7894780e-01  -2.3621189e-02  -1.0931732e-01
  -5.6333053e-01  -2.9802795e-01  -2.6482511e-01  -2.1574010e-01   3.5221314e-03   6.6597197e-02   1.5836803e-01   3.3132311e-01   2.0894145e-01   3.7579264e-01   2.4560898e-01   2.4112979e-01  -1.5544245e-01  -4.0637031e-02  -9.3280173e-02
  -6.0102423e-01  -2.9314418e-01  -2.5125550e-01  -1.9361553e-01  -1.8935815e-02   1.0109960e-01   1.5215996e-01   3.2599143e-01   2.2116079e-01   3.5965653e-01   2.2348655e-01   2.4116096e-01  -1.2338647e-01  -5.8483709e-02  -8.4870390e-02
  -6.2140308e-01  -2.9614219e-01  -2.4276010e-01  -1.6876516e-01  -4.3255123e-02   1.3255283e-01   1.5280849e-01   3.1952004e-01   2.4253090e-01   3.4727067e-01   2.0294980e-01   2.2769030e-01  -8.7636516e-02  -7.7332541e-02  -8.8028332e-02
  -6.2355771e-01  -3.0520444e-01  -2.3943999e-01  -1.4016585e-01  -6.7339606e-02   1.6150781e-01   1.6192903e-01   3.1284292e-01   2.7222926e-01   3.3974292e-01   1.8526332e-01   1.9751399e-01  -5.1515930e-02  -9.7086839e-02  -1.0671887e-01
  -6.0812641e-01  -3.1619588e-01  -2.3965356e-01  -1.0718314e-01  -8.8231503e-02   1.8703303e-01   1.8016736e-01   3.0445282e-01   3.0697642e-01   3.3589096e-01   1.7059182e-01   1.5148065e-01  -1.7974579e-02  -1.1668030e-01  -1.4254768e-01
  -5.7589402e-01  -3.2452947e-01  -2.4178051e-01  -7.1531455e-02  -1.0197455e-01   2.0715581e-01   2.0527142e-01   2.9285814e-01   3.4247751e-01   3.3412829e-01   1.5968601e-01   9.2423406e-02   8.7659956e-03  -1.3434392e-01  -1.9271265e-01
  -5.2943831e-01  -3.2741631e-01  -2.4431897e-01  -3.6010086e-02  -1.0428331e-01   2.1982232e-01   2.3354112e-01   2.7765384e-01   3.7411193e-01   3.3162167e-01   1.5430199e-01   2.5396961e-02   2.5359025e-02  -1.4768985e-01  -2.5265200e-01
  -4.7376448e-01  -3.2434535e-01  -2.4594309e-01  -4.1776708e-03  -9.4722203e-02   2.2348389e-01   2.6109834e-01   2.5950574e-01   3.9746370e-01   3.2586432e-01   1.5676894e-01  -4.2404251e-02   3.1713843e-02  -1.5415721e-01  -3.1638451e-01
  -4.1658968e-01  -3.1616365e-01  -2.4594869e-01   2.0446329e-02  -7.5525856e-02   2.1812161e-01   2.8500956e-01   2.4024128e-01   4.1000304e-01   3.1605203e-01   1.6779216e-01  -1.0273896e-01   2.8955109e-02  -1.5179804e-01  -3.7785624e-01
  -3.6657188e-01  -3.0477333e-01  -2.4394950e-01   3.5375093e-02  -4.9261490e-02   2.0577759e-01   3.0418310e-01   2.2284310e-01   4.1186976e-01   3.0317842e-01   1.8440094e-01  -1.4814544e-01   1.9207581e-02  -1.4158577e-01  -4.3254816e-01
  -3.3097577e-01  -2.9242300e-01  -2.3983190e-01   3.8898558e-02  -1.8324095e-02   1.9028776e-01   3.1854083e-01   2.1012812e-01   4.0540615e-01   2.8853951e-01   2.0354036e-01  -1.7321135e-01   4.6461900e-03  -1.2720256e-01  -4.7801880e-01
  -3.1094076e-01  -2.8132863e-01  -2.3373747e-01   3.0177746e-02   1.5343252e-02   1.7516869e-01   3.2814540e-01   2.0419943e-01   3.9505752e-01   2.7282230e-01   2.2242614e-01  -1.7817889e-01  -1.3203785e-02  -1.1232074e-01  -5.1363021e-01
  -3.0348410e-01  -2.7263375e-01  -2.2499142e-01   1.2061521e-02   5.0448074e-02   1.6289246e-01   3.3305740e-01   2.0637744e-01   3.8384369e-01   2.5546164e-01   2.3795182e-01  -1.6753754e-01  -3.3325506e-02  -9.9914601e-02  -5.4020713e-01
  -3.0534192e-01  -2.6669676e-01  -2.1227000e-01  -1.2144594e-02   8.5604456e-02   1.5514413e-01   3.3430392e-01   2.1738657e-01   3.7311987e-01   2.3622602e-01   2.4598804e-01  -1.4498731e-01  -5.5072566e-02  -9.2859700e-02  -5.5840016e-01
  -3.1360451e-01  -2.6314851e-01  -1.9415765e-01  -3.9534374e-02   1.1943204e-01   1.5345697e-01   3.3253119e-01   2.3782762e-01   3.6369831e-01   2.1642204e-01   2.4145822e-01  -1.1394411e-01  -7.7739573e-02  -9.4531310e-02  -5.6816634e-01
  -3.2535592e-01  -2.6136829e-01  -1.6907987e-01  -6.7065637e-02   1.5141326e-01   1.5952548e-01   3.2805937e-01   2.6715148e-01   3.5628401e-01   1.9747835e-01   2.1882097e-01  -7.7877689e-02  -1.0032519e-01  -1.0881204e-01  -5.6884828e-01
  -3.3706556e-01  -2.6049860e-01  -1.3626721e-01  -9.1354582e-02   1.8021665e-01   1.7463001e-01   3.2023024e-01   3.0216785e-01   3.5072452e-01   1.8044174e-01   1.7706675e-01  -4.0855474e-02  -1.2158550e-01  -1.3926291e-01  -5.5858792e-01
  -3.4485734e-01  -2.5979510e-01  -9.8225833e-02  -1.0858338e-01   2.0345823e-01   1.9768693e-01   3.0795845e-01   3.3825555e-01   3.4632997e-01   1.6633088e-01   1.1966960e-01  -8.1665191e-03  -1.4003229e-01  -1.8453993e-01  -5.3548923e-01
  -3.4611231e-01  -2.5893645e-01  -5.8865890e-02  -1.1464767e-01   2.1907624e-01   2.2503488e-01   2.9143094e-01   3.7098528e-01   3.4174222e-01   1.5707310e-01   5.2254682e-02   1.4837097e-02  -1.5396613e-01  -2.4052090e-01  -4.9938509e-01
  -3.4135091e-01  -2.5776072e-01  -2.2457135e-02  -1.0794230e-01   2.2569487e-01   2.5285816e-01   2.7181372e-01   3.9645306e-01   3.3493365e-01   1.5502297e-01  -1.8083357e-02   2.6624235e-02  -1.6169371e-01  -3.0217736e-01  -4.5193518e-01
  -3.3205424e-01  -2.5613835e-01   7.1018336e-03  -9.0944137e-02   2.2303567e-01   2.7796488e-01   2.5083607e-01   4.1196504e-01   3.2479034e-01   1.6216975e-01  -8.3601869e-02   2.8019058e-02  -1.6167675e-01  -3.6413832e-01  -3.9732898e-01
  -3.2047732e-01  -2.5417665e-01   2.6907245e-02  -6.6652884e-02   2.1241286e-01   2.9879645e-01   2.3102336e-01   4.1715358e-01   3.1176852e-01   1.7651216e-01  -1.3717524e-01   2.0807703e-02  -1.5379495e-01  -4.2223984e-01  -3.4086500e-01
  -3.0898469e-01  -2.5184343e-01   3.5080848e-02  -3.7642341e-02   1.9690779e-01   3.1509073e-01   2.1505783e-01   4.1333416e-01   2.9695488e-01   1.9469397e-01  -1.7323452e-01   7.1105614e-03  -1.4134465e-01  -4.7407996e-01  -2.8710118e-01
  -2.9957900e-01  -2.4903660e-01   3.0077916e-02  -5.8365205e-03   1.8006226e-01   3.2677787e-01   2.0499477e-01   4.0400480e-01   2.8089862e-01   2.1373544e-01  -1.8902277e-01  -1.1411253e-02  -1.2799069e-01  -5.1844692e-01  -2.3922792e-01
  -2.9310784e-01  -2.4474652e-01   1.3272053e-02   2.7790471e-02   1.6477803e-01   3.3355077e-01   2.0250793e-01   3.9268762e-01   2.6333175e-01   2.3081167e-01  -1.8764186e-01  -3.3358091e-02  -1.1646741e-01  -5.5460982e-01  -1.9879876e-01
  -2.8963709e-01  -2.3718834e-01  -1.1609390e-02   6.2386561e-02   1.5322665e-01   3.3611950e-01   2.0880084e-01   3.8128969e-01   2.4340033e-01   2.4226542e-01  -1.7253428e-01  -5.7676825e-02  -1.0923086e-01  -5.8273552e-01  -1.6687668e-01
  -2.8867244e-01  -2.2438204e-01  -4.1233407e-02   9.6709402e-02   1.4733900e-01   3.3550910e-01   2.2492840e-01   3.7095193e-01   2.2218871e-01   2.4335335e-01  -1.4664492e-01  -8.3417386e-02  -1.0921621e-01  -6.0229070e-01  -1.4512279e-01
  -2.8942316e-01  -2.0444613e-01  -7.2396510e-02   1.3008565e-01   1.4909805e-01   3.3230398e-01   2.5151168e-01   3.6263974e-01   2.0133314e-01   2.2824214e-01  -1.1315070e-01  -1.0946564e-01  -1.2018774e-01  -6.1247192e-01  -1.3367257e-01
  -2.9096442e-01  -1.7556817e-01  -1.0158916e-01   1.6170169e-01   1.6035331e-01   3.2632117e-01   2.8651431e-01   3.5673909e-01   1.8223680e-01   1.9268092e-01  -7.5733468e-02  -1.3448662e-01  -1.4649229e-01  -6.1148930e-01  -1.3022386e-01
  -2.9195010e-01  -1.3853741e-01  -1.2466283e-01   1.8919003e-01   1.8148163e-01   3.1605528e-01   3.2531176e-01   3.5233875e-01   1.6579821e-01   1.3863079e-01  -3.9268576e-02  -1.5669025e-01  -1.8924272e-01  -5.9607286e-01  -1.3238171e-01
  -2.9137719e-01  -9.6955758e-02  -1.3686539e-01   2.0974471e-01   2.0921751e-01   3.0075965e-01   3.6248618e-01   3.4824686e-01   1.5364708e-01   7.1126063e-02  -9.8658400e-03  -1.7389106e-01  -2.4438037e-01  -5.6428099e-01  -1.3761148e-01
  -2.8917320e-01  -5.5733670e-02  -1.3464415e-01   2.2124976e-01   2.3913655e-01   2.8127639e-01   3.9319117e-01   3.4225134e-01   1.4813548e-01  -2.4853695e-03   8.3759741e-03  -1.8424473e-01  -3.0666563e-01  -5.1728601e-01  -1.4338389e-01
  -2.8569889e-01  -1.9867060e-02  -1.1969507e-01   2.2270689e-01   2.6716572e-01   2.5934264e-01   4.1374924e-01   3.3273141e-01   1.5169163e-01  -7.3900420e-02   1.5310720e-02  -1.8639800e-01  -3.7048000e-01  -4.5953165e-01  -1.4712715e-01
  -2.8176488e-01   6.5946230e-03  -9.5850233e-02   2.1480254e-01   2.9076180e-01   2.3734791e-01   4.2289761e-01   3.1963967e-01   1.6408002e-01  -1.3532913e-01   1.2162800e-02  -1.7988325e-01  -4.3127872e-01  -3.9766800e-01  -1.4651276e-01
  -2.7804479e-01   2.1113632e-02  -6.6571873e-02   2.0002004e-01   3.0931854e-01   2.1819828e-01   4.2169854e-01   3.0417411e-01   1.8162507e-01  -1.8074634e-01   9.6520440e-04  -1.6735262e-01  -4.8660332e-01  -3.3782696e-01  -1.3996751e-01
  -2.7474079e-01   2.2020306e-02  -3.4298589e-02   1.8220416e-01   3.2296448e-01   2.0429215e-01   4.1300346e-01   2.8729134e-01   2.0107508e-01  -2.0596168e-01  -1.6337100e-02  -1.5301716e-01  -5.3536714e-01  -2.8408918e-01  -1.2903933e-01
  -2.7122754e-01   9.0132561e-03  -2.9555334e-04   1.6469717e-01   3.3161456e-01   1.9750056e-01   4.0100678e-01   2.6913477e-01   2.1962109e-01  -2.1200254e-01  -3.8160825e-02  -1.4006472e-01  -5.7662280e-01  -2.3848263e-01  -1.1573158e-01
  -2.6578583e-01  -1.4377759e-02   3.4797399e-02   1.5002709e-01   3.3538270e-01   1.9925310e-01   3.8833068e-01   2.4876449e-01   2.3400737e-01  -2.0281598e-01  -6.3237694e-02  -1.3091561e-01  -6.1036636e-01  -2.0183990e-01  -1.0122369e-01
  -2.5618537e-01  -4.4458795e-02   7.0024521e-02   1.4026379e-01   3.3546728e-01   2.1071526e-01   3.7633725e-01   2.2629424e-01   2.3984168e-01  -1.8140522e-01  -9.0546654e-02  -1.2818449e-01  -6.3618298e-01  -1.7531606e-01  -8.6664450e-02
  -2.4009446e-01  -7.7734438e-02   1.0450735e-01   1.3756136e-01   3.3269657e-01   2.3306534e-01   3.6609982e-01   2.0344676e-01   2.3161305e-01  -1.5059998e-01  -1.1882257e-01  -1.3517994e-01  -6.5291087e-01  -1.6004032e-01  -7.3607676e-02
  -2.1519533e-01  -1.1053061e-01   1.3794041e-01   1.4418864e-01   3.2745734e-01   2.6579050e-01   3.5853211e-01   1.8199620e-01   2.0332542e-01  -1.1367303e-01  -1.4658185e-01  -1.5606882e-01  -6.5890303e-01  -1.5404395e-01  -6.4233997e-02
  -1.8025390e-01  -1.3845706e-01   1.6876581e-01   1.6175794e-01   3.1877585e-01   3.0523069e-01   3.5329092e-01   1.6324228e-01   1.5456722e-01  -7.4715730e-02  -1.7178763e-01  -1.9405202e-01  -6.5052157e-01  -1.5445797e-01  -6.1384833e-02
  -1.3782823e-01  -1.5640531e-01   1.9409560e-01   1.8864477e-01   3.0532255e-01   3.4582937e-01   3.4937625e-01   1.4860335e-01   8.9568718e-02  -3.9507859e-02  -1.9193522e-01  -2.4629341e-01  -6.2423196e-01  -1.5844239e-01  -6.6796229e-02
  -9.2755852e-02  -1.5963532e-01   2.1114570e-01   2.2016668e-01   2.8721069e-01   3.8189898e-01   3.4470866e-01   1.4023902e-01   1.5231165e-02  -1.4163387e-02  -2.0484567e-01  -3.0750714e-01  -5.7985206e-01  -1.6335984e-01  -7.8481629e-02
  -5.0785497e-02  -1.4768711e-01   2.1808174e-01   2.5148670e-01   2.6583183e-01   4.0869756e-01   3.3699841e-01   1.4049659e-01  -6.0011729e-02  -5.1387832e-04  -2.0915553e-01  -3.7197651e-01  -5.2105385e-01  -1.6680333e-01  -9.3605400e-02
  -1.7032439e-02  -1.2461120e-01   2.1467091e-01   2.7885997e-01   2.4324416e-01   4.2354560e-01   3.2530232e-01   1.5076376e-01  -1.2770958e-01   1.9758514e-03  -2.0423079e-01  -4.3446475e-01  -4.5478683e-01  -1.6651647e-01  -1.0901051e-01
   4.9375404e-03  -9.4775704e-02   2.0261702e-01   3.0079159e-01   2.2227665e-01   4.2678856e-01   3.1047093e-01   1.6784716e-01  -1.8109331e-01  -5.0384306e-03  -1.9159383e-01  -4.9201110e-01  -3.8867164e-01  -1.6075101e-01  -1.2179443e-01
   1.3046403e-02  -6.1489853e-02   1.8548002e-01   3.1728005e-01   2.0560727e-01   4.2053614e-01   2.9373415e-01   1.8793686e-01  -2.1544312e-01  -1.9550373e-02  -1.7586513e-01  -5.4361792e-01  -3.2829137e-01  -1.4993503e-01  -1.2942810e-01
   5.8672157e-03  -2.6741328e-02   1.6693649e-01   3.2844902e-01   1.9519590e-01   4.0899312e-01   2.7554391e-01   2.0791195e-01  -2.2931577e-01  -3.9967659e-02  -1.6109712e-01  -5.8890259e-01  -2.7677087e-01  -1.3667694e-01  -1.2942534e-01
  -1.4561659e-02   8.6555303e-03   1.4978619e-01   3.3398496e-01   1.9255707e-01   3.9556821e-01   2.5522821e-01   2.2470872e-01  -2.2675881e-01  -6.4998600e-02  -1.5009119e-01  -6.2764516e-01  -2.3524161e-01  -1.2256378e-01  -1.1862808e-01
  -4.4120262e-02   4.4115149e-02   1.3621607e-01   3.3466654e-01   1.9887557e-01   3.8180153e-01   2.3179005e-01   2.3426150e-01  -2.1092360e-01  -9.3415019e-02  -1.4508844e-01  -6.5927099e-01  -2.0416696e-01  -1.0845880e-01  -9.6282342e-02
  -7.8778968e-02   7.8698154e-02   1.2846899e-01   3.3133178e-01   2.1536382e-01   3.6857539e-01   2.0656562e-01   2.3131458e-01  -1.8411448e-01  -1.2359976e-01  -1.4863668e-01  -6.8149497e-01  -1.8450975e-01  -9.5298268e-02  -6.3885457e-02
  -1.1428125e-01   1.1200619e-01   1.2898763e-01   3.2448920e-01   2.4250310e-01   3.5680825e-01   1.8155194e-01   2.0960511e-01  -1.4909847e-01  -1.5348399e-01  -1.6409576e-01  -6.9160794e-01  -1.7517960e-01  -8.4675406e-02  -2.3528994e-02
  -1.4573585e-01   1.4317204e-01   1.4003019e-01   3.1404152e-01   2.7766647e-01   3.4698360e-01   1.5876525e-01   1.6608228e-01  -1.0950996e-01  -1.8053059e-01  -1.9499970e-01  -6.8599818e-01  -1.7281201e-01  -7.8811157e-02   2.1656107e-02
  -1.6787417e-01   1.6982199e-01   1.6187046e-01   2.9918049e-01   3.1583992e-01   3.3880506e-01   1.3998581e-01   1.0484176e-01  -7.0710698e-02  -2.0203626e-01  -2.4056264e-01  -6.6120447e-01  -1.7426711e-01  -8.0306190e-02   6.6616056e-02
  -1.7593203e-01   1.8947831e-01   1.9075258e-01   2.8034343e-01   3.5177419e-01   3.3175808e-01   1.2754974e-01   3.2874957e-02  -3.9394789e-02  -2.1590540e-01  -2.9576477e-01  -6.1740449e-01  -1.7693063e-01  -8.8374912e-02   1.0517574e-01
  -1.6775371e-01   2.0061879e-01   2.2221075e-01   2.5933246e-01   3.8137844e-01   3.2426707e-01   1.2396621e-01  -4.1613208e-02  -1.9274187e-02  -2.2122690e-01  -3.5565461e-01  -5.5867187e-01  -1.7876038e-01  -1.0043362e-01   1.3161477e-01
  -1.4670838e-01   2.0273763e-01   2.5236435e-01   2.3810286e-01   4.0182038e-01   3.1506752e-01   1.3130106e-01  -1.1081453e-01  -1.0199035e-02  -2.1769430e-01  -4.1569670e-01  -4.9145985e-01  -1.7782041e-01  -1.1370800e-01   1.4270741e-01
  -1.1755041e-01   1.9623517e-01   2.7846005e-01   2.1829223e-01   4.1182869e-01   3.0356206e-01   1.4779298e-01  -1.6842152e-01  -1.1217995e-02  -2.0595968e-01  -4.7282321e-01  -4.2298425e-01  -1.7257017e-01  -1.2573811e-01   1.4109417e-01
  -8.4187750e-02   1.8299440e-01   2.9928901e-01   2.0170756e-01   4.1172025e-01   2.8989592e-01   1.6877057e-01  -2.0970711e-01  -2.0849600e-02  -1.8972710e-01  -5.2555839e-01  -3.5906556e-01  -1.6225152e-01  -1.3427626e-01   1.3124557e-01
  -4.9350405e-02   1.6613562e-01   3.1424988e-01   1.8981181e-01   4.0378450e-01   2.7400876e-01   1.9030432e-01  -2.3147422e-01  -3.7778328e-02  -1.7361613e-01  -5.7335014e-01  -3.0353513e-01  -1.4921001e-01  -1.3720320e-01   1.1722266e-01
  -1.4471765e-02   1.4845454e-01   3.2272420e-01   1.8395683e-01   3.9164454e-01   2.5535419e-01   2.0911992e-01  -2.3599377e-01  -6.0884092e-02  -1.6105766e-01  -6.1566138e-01  -2.5836222e-01  -1.3568487e-01  -1.3177430e-01   1.0263584e-01
   1.9885275e-02   1.3236619e-01   3.2492926e-01   1.8551450e-01   3.7762794e-01   2.3276739e-01   2.2172193e-01  -2.2712137e-01  -8.8985845e-02  -1.5446337e-01  -6.5253390e-01  -2.2422464e-01  -1.2277734e-01  -1.1561675e-01   9.0910740e-02
   5.2982451e-02   1.2013545e-01   3.2203436e-01   1.9583154e-01   3.6295237e-01   2.0669129e-01   2.2348690e-01  -2.0730452e-01  -1.2072659e-01  -1.5619569e-01  -6.8252102e-01  -2.0193946e-01  -1.1129505e-01  -8.9659777e-02   8.5527749e-02
   8.4178987e-02   1.1417515e-01   3.1466267e-01   2.1610088e-01   3.4851844e-01   1.7898176e-01   2.0850659e-01  -1.7888562e-01  -1.5423933e-01  -1.6928415e-01  -7.0299587e-01  -1.9187807e-01  -1.0248168e-01  -5.5554286e-02   9.0194518e-02
   1.1324415e-01   1.1713185e-01   3.0308210e-01   2.4535232e-01   3.3514194e-01   1.5180066e-01   1.7113891e-01  -1.4466448e-01  -1.8693694e-01  -1.9717812e-01  -7.1016647e-01  -1.9092991e-01  -9.8019606e-02  -1.5553632e-02   1.0655723e-01
   1.3870374e-01   1.3095227e-01   2.8669897e-01   2.7955255e-01   3.2279226e-01   1.2733234e-01   1.1311591e-01  -1.0844418e-01  -2.1521390e-01  -2.4099149e-01  -6.9837552e-01  -1.9499802e-01  -9.9934594e-02   2.6681777e-02   1.3212787e-01
   1.5814673e-01   1.5382004e-01   2.6549450e-01   3.1324345e-01   3.1142450e-01   1.0822032e-01   4.1188218e-02  -7.6002864e-02  -2.3543013e-01  -2.9545702e-01  -6.6421016e-01  -2.0025020e-01  -1.0849272e-01   6.5569486e-02   1.6273584e-01
   1.6984421e-01   1.8134721e-01   2.4134929e-01   3.4168594e-01   3.0013637e-01   9.7598424e-02  -3.5369691e-02  -5.2738922e-02  -2.4522356e-01  -3.5396475e-01  -6.0953512e-01  -2.0360845e-01  -1.2061521e-01   9.5166975e-02   1.9392727e-01
   1.7323944e-01   2.0936912e-01   2.1703502e-01   3.6185290e-01   2.8810171e-01   9.8046237e-02  -1.0744807e-01  -3.9604278e-02  -2.4424845e-01  -4.1127850e-01  -5.4127243e-01  -2.0317427e-01  -1.3337362e-01   1.1084730e-01   2.2190788e-01
   1.6879413e-01   2.3478549e-01   1.9476587e-01   3.7256508e-01   2.7504722e-01   1.0990457e-01  -1.6816367e-01  -3.5978339e-02  -2.3356150e-01  -4.6438170e-01  -4.6864229e-01  -1.9795845e-01  -1.4452684e-01   1.1313808e-01   2.4421234e-01
   1.5795206e-01   2.5617906e-01   1.7639743e-01   3.7438031e-01   2.6127798e-01   1.2880787e-01  -2.1316809e-01  -4.0605593e-02  -2.1622916e-01  -5.1250271e-01  -3.9932975e-01  -1.8739316e-01  -1.5236869e-01   1.0652152e-01   2.6008092e-01
   1.4351108e-01   2.7313210e-01   1.6332267e-01   3.6889363e-01   2.4695112e-01   1.5050338e-01  -2.3964187e-01  -5.2149619e-02  -1.9732419e-01  -5.5597940e-01  -3.3805012e-01  -1.7295408e-01  -1.5532937e-01   9.5264167e-02   2.6985049e-01
   1.2797245e-01   2.8497012e-01   1.5631347e-01   3.5920925e-01   2.3132872e-01   1.7140650e-01  -2.4787165e-01  -6.9759287e-02  -1.8085014e-01  -5.9494122e-01  -2.8713549e-01  -1.5747909e-01  -1.5156662e-01   8.2653690e-02   2.7574929e-01
   1.1338991e-01   2.9098518e-01   1.5623337e-01   3.4768749e-01   2.1302368e-01   1.8819993e-01  -2.4216464e-01  -9.2569945e-02  -1.6943091e-01  -6.2939716e-01  -2.4722775e-01  -1.4247056e-01  -1.3833059e-01   7.1671355e-02   2.8040064e-01
   1.0163366e-01   2.9191607e-01   1.6405897e-01   3.3543452e-01   1.9108029e-01   1.9680152e-01  -2.2539756e-01  -1.1957404e-01  -1.6521689e-01  -6.5872682e-01  -2.1866438e-01  -1.2873202e-01  -1.1539407e-01   6.5307739e-02   2.8547301e-01
   9.4697298e-02   2.8830469e-01   1.8084895e-01   3.2303136e-01   1.6669545e-01   1.9190010e-01  -1.9973253e-01  -1.4935685e-01  -1.7080100e-01  -6.8067820e-01  -2.0233469e-01  -1.1724725e-01  -8.4219282e-02   6.6824906e-02   2.9206705e-01
   9.4852123e-02   2.8030975e-01   2.0670642e-01   3.1103561e-01   1.4157989e-01   1.6721278e-01  -1.6763354e-01  -1.7986044e-01  -1.8941361e-01  -6.9204027e-01  -1.9661645e-01  -1.0951485e-01  -4.6719661e-02   7.9072093e-02   3.0103016e-01
   1.0437721e-01   2.6757702e-01   2.3876953e-01   2.9963660e-01   1.1774207e-01   1.2073230e-01  -1.3215668e-01  -2.0798548e-01  -2.2372275e-01  -6.8777239e-01  -1.9769739e-01  -1.0729903e-01  -5.6966481e-03   1.0103529e-01   3.1246035e-01
   1.2330519e-01   2.4942416e-01   2.7194156e-01   2.8853444e-01   9.7321752e-02   5.7365315e-02  -9.8117439e-02  -2.3011290e-01  -2.7108420e-01  -6.6302435e-01  -2.0175875e-01  -1.1223570e-01   3.4065620e-02   1.2906147e-01   3.2531383e-01
   1.4776827e-01   2.2675803e-01   3.0093937e-01   2.7717931e-01   8.3120144e-02  -1.4747064e-02  -7.1538034e-02  -2.4326087e-01  -3.2498965e-01  -6.1723337e-01  -2.0545425e-01  -1.2231944e-01   6.6667424e-02   1.5866658e-01   3.3844356e-01
   1.7353017e-01   2.0218560e-01   3.2213473e-01   2.6465930e-01   7.7937058e-02  -8.6243942e-02  -5.5135696e-02  -2.4630920e-01  -3.7953120e-01  -5.5534399e-01  -2.0648440e-01  -1.3446168e-01   8.6928249e-02   1.8582075e-01   3.5031425e-01
   1.9713341e-01   1.7829307e-01   3.3377159e-01   2.5064781e-01   8.3463717e-02  -1.4931152e-01  -4.8554695e-02  -2.3982632e-01  -4.3068705e-01  -4.8597660e-01  -2.0356424e-01  -1.4613695e-01   9.2847439e-02   2.0761928e-01   3.6028106e-01
   2.1653300e-01   1.5698836e-01   3.3587027e-01   2.3530314e-01   9.7085414e-02  -1.9884075e-01  -5.0725003e-02  -2.2573183e-01  -4.7681952e-01  -4.1757921e-01  -1.9608941e-01  -1.5555007e-01   8.7943522e-02   2.2270343e-01   3.6890865e-01
   2.3112786e-01   1.3985861e-01   3.2961515e-01   2.1903723e-01   1.1430448e-01  -2.3173903e-01  -6.0133774e-02  -2.0845476e-01  -5.1778800e-01  -3.5583261e-01  -1.8426803e-01  -1.6115562e-01   7.6684025e-02   2.3107280e-01   3.7767167e-01
   2.4062306e-01   1.2787576e-01   3.1766549e-01   2.0169613e-01   1.3155962e-01  -2.4653321e-01  -7.5554317e-02  -1.9228415e-01  -5.5385250e-01  -3.0373972e-01  -1.7072103e-01  -1.6142923e-01   6.2725804e-02   2.3412334e-01   3.8784493e-01
   2.4439873e-01   1.2177180e-01   3.0294746e-01   1.8243049e-01   1.4584006e-01  -2.4654290e-01  -9.5967596e-02  -1.8004731e-01  -5.8476432e-01  -2.6228740e-01  -1.5734790e-01  -1.5411255e-01   4.9058560e-02   2.3463609e-01   3.9998679e-01
   2.4290243e-01   1.2244722e-01   2.8723106e-01   1.6015383e-01   1.5405147e-01  -2.3535288e-01  -1.2021958e-01  -1.7359317e-01  -6.1055352e-01  -2.3149717e-01  -1.4496394e-01  -1.3768968e-01   3.8556507e-02   2.3475407e-01   4.1377334e-01
   2.3729554e-01   1.3090354e-01   2.7154207e-01   1.3561580e-01   1.5231197e-01  -2.1526147e-01  -1.4696536e-01  -1.7476166e-01  -6.2990522e-01  -2.1171694e-01  -1.3417934e-01  -1.1332811e-01   3.4177811e-02   2.3595074e-01   4.2832064e-01
   2.2832650e-01   1.4799195e-01   2.5677427e-01   1.1059598e-01   1.3587019e-01  -1.8844605e-01  -1.7442613e-01  -1.8591116e-01  -6.4068116e-01  -2.0251162e-01  -1.2595835e-01  -8.2576820e-02   3.9002212e-02   2.3942734e-01   4.4252285e-01
   2.1663299e-01   1.7271076e-01   2.4393992e-01   8.7222290e-02   1.0108186e-01  -1.5733552e-01  -2.0023960e-01  -2.0960438e-01  -6.3993615e-01  -2.0062450e-01  -1.2151665e-01  -4.7337578e-02   5.3996454e-02   2.4627929e-01   4.5473081e-01
   2.0241204e-01   2.0208451e-01   2.3365434e-01   6.7664162e-02   5.0894301e-02  -1.2524235e-01  -2.2159756e-01  -2.4615723e-01  -6.2414011e-01  -2.0254153e-01  -1.2241420e-01  -1.0579596e-02   7.7101231e-02   2.5684763e-01   4.6201437e-01
   1.8607037e-01   2.3217955e-01   2.2615411e-01   5.4107888e-02  -8.9906625e-03  -9.7021793e-02  -2.3616089e-01  -2.9142880e-01  -5.9192590e-01  -2.0538990e-01  -1.2856485e-01   2.3295649e-02   1.0506604e-01   2.7098807e-01   4.6162112e-01
   1.6891937e-01   2.5942521e-01   2.2029489e-01   4.8803936e-02  -7.1770400e-02  -7.6665817e-02  -2.4258969e-01  -3.4088773e-01  -5.4520099e-01  -2.0696972e-01  -1.3761664e-01   4.9610281e-02   1.3439737e-01   2.8753390e-01   4.5271602e-01
   1.5252155e-01   2.8110725e-01   2.1476749e-01   5.3569248e-02  -1.3099005e-01  -6.4709463e-02  -2.4069397e-01  -3.9090146e-01  -4.8893945e-01  -2.0578661e-01  -1.4742616e-01   6.4582285e-02   1.6192225e-01   3.0498928e-01   4.3598780e-01
   1.3785901e-01   2.9541733e-01   2.0847233e-01   6.8023061e-02  -1.8149462e-01  -6.0885349e-02  -2.3104665e-01  -4.3906863e-01  -4.2949834e-01  -2.0083619e-01  -1.5625975e-01   6.8652015e-02   1.8514092e-01   3.2240417e-01   4.1312068e-01
   1.2570372e-01   3.0137522e-01   2.0058170e-01   8.7847791e-02  -2.1932621e-01  -6.4546212e-02  -2.1608413e-01  -4.8394735e-01  -3.7214786e-01  -1.9132973e-01  -1.6255138e-01   6.4828230e-02   2.0242397e-01   3.3948473e-01   3.8768752e-01
   1.1681879e-01   2.9931526e-01   1.9043059e-01   1.0894887e-01  -2.4123237e-01  -7.4887165e-02  -1.9997880e-01  -5.2464753e-01  -3.2063121e-01  -1.7866118e-01  -1.6468540e-01   5.6150270e-02   2.1317790e-01   3.5646159e-01   3.6342039e-01
   1.1175887e-01   2.9136519e-01   1.7697161e-01   1.2767798e-01  -2.4735426e-01  -9.1256547e-02  -1.8621063e-01  -5.6011735e-01  -2.7732437e-01  -1.6526983e-01  -1.6075523e-01   4.5252202e-02   2.1889282e-01   3.7332205e-01   3.4304750e-01
   1.1130955e-01   2.7934564e-01   1.5895272e-01   1.4063835e-01  -2.4120783e-01  -1.1267800e-01  -1.7719146e-01  -5.8961282e-01  -2.4333244e-01  -1.5253420e-01  -1.4836265e-01   3.4843939e-02   2.2151060e-01   3.8959576e-01   3.2872285e-01
   1.1646882e-01   2.6456398e-01   1.3626514e-01   1.4411333e-01  -2.2532387e-01  -1.3778031e-01  -1.7487236e-01  -6.1203243e-01  -2.1943373e-01  -1.4127151e-01  -1.2786250e-01   2.7868386e-02   2.2258606e-01   4.0429770e-01   3.2241330e-01
   1.2809744e-01   2.4797584e-01   1.1065467e-01   1.3366967e-01  -2.0197293e-01  -1.6473031e-01  -1.8139278e-01  -6.2516597e-01  -2.0640230e-01  -1.3243887e-01  -1.0095712e-01   2.7352207e-02   2.2323629e-01   4.1613752e-01   3.2593665e-01
   1.4579568e-01   2.3054902e-01   8.4256056e-02   1.0480927e-01  -1.7379125e-01  -1.9112608e-01  -1.9902180e-01  -6.2625721e-01  -2.0214000e-01  -1.2726674e-01  -6.9819757e-02   3.5394540e-02   2.2435359e-01   4.2334269e-01   3.4092198e-01
   1.6708741e-01   2.1344450e-01   5.9692653e-02   5.8555537e-02  -1.4386674e-01  -2.1387175e-01  -2.2889013e-01  -6.1210124e-01  -2.0293664e-01  -1.2693844e-01  -3.7191036e-02   5.0754604e-02   2.2668081e-01   4.2373167e-01   3.6584878e-01
   1.8888175e-01   1.9817500e-01   3.9796425e-02   1.4347691e-03  -1.1644026e-01  -2.3028490e-01  -2.6765746e-01  -5.8175489e-01  -2.0554676e-01  -1.3212133e-01  -6.8002935e-03   7.0829273e-02   2.3102042e-01   4.1589788e-01   3.9457037e-01
   2.0844586e-01   1.8528675e-01   2.7171178e-02  -5.9191221e-02  -9.5935729e-02  -2.3896069e-01  -3.1051151e-01  -5.3765575e-01  -2.0759862e-01  -1.4069906e-01   1.7406714e-02   9.2729856e-02   2.3778324e-01   4.0025944e-01   4.2146954e-01
   2.2412403e-01   1.7436389e-01   2.3822334e-02  -1.1678122e-01  -8.3469856e-02  -2.3990550e-01  -3.5399370e-01  -4.8480962e-01  -2.0763989e-01  -1.5037137e-01   3.2272861e-02   1.1404604e-01   2.4653671e-01   3.7888468e-01   4.4292061e-01
   2.3508847e-01   1.6490288e-01   3.0688579e-02  -1.6670271e-01  -7.8345091e-02  -2.3390271e-01  -3.9623943e-01  -4.2937924e-01  -2.0482222e-01  -1.5945755e-01   3.7158936e-02   1.3305118e-01   2.5708247e-01   3.5408513e-01   4.5679131e-01
   2.4106535e-01   1.5635532e-01   4.5125896e-02  -2.0604835e-01  -7.9748658e-02  -2.2240492e-01  -4.3672682e-01  -3.7638258e-01  -1.9850170e-01  -1.6674151e-01   3.4912060e-02   1.4872524e-01   2.6961960e-01   3.2886154e-01   4.6188952e-01
   2.4225803e-01   1.4827412e-01   6.3573023e-02  -2.3257776e-01  -8.6805700e-02  -2.0873272e-01  -4.7550390e-01  -3.2889463e-01  -1.8875435e-01  -1.7095696e-01   2.8565137e-02   1.6071223e-01   2.8484379e-01   3.0673676e-01   4.5726292e-01
   2.4035471e-01   1.3995180e-01   8.3207440e-02  -2.4494958e-01  -9.8978916e-02  -1.9604409e-01  -5.1272398e-01  -2.8865878e-01  -1.7753432e-01  -1.7061718e-01   2.0626053e-02   1.6998981e-01   3.0353746e-01   2.9042392e-01   4.4141566e-01
   2.3666883e-01   1.2981722e-01   1.0111311e-01  -2.4537120e-01  -1.1585907e-01  -1.8646209e-01  -5.4742381e-01  -2.5608638e-01  -1.6604605e-01  -1.6323069e-01   1.3158527e-02   1.7814605e-01   3.2539064e-01   2.8131117e-01   4.1487374e-01
   2.3167928e-01   1.1624502e-01   1.1380476e-01  -2.3567778e-01  -1.3669060e-01  -1.8159416e-01  -5.7824201e-01  -2.3127984e-01  -1.5476554e-01  -1.4713767e-01   8.4820386e-03   1.8622498e-01   3.4913506e-01   2.8054428e-01   3.7927218e-01
   2.2563349e-01   9.9641273e-02   1.1681127e-01  -2.1701908e-01  -1.6021962e-01  -1.8332887e-01  -6.0242675e-01  -2.1500926e-01  -1.4422377e-01  -1.2292131e-01   9.3764385e-03   1.9496079e-01   3.7308996e-01   2.8959614e-01   3.3603929e-01
   2.1871236e-01   8.1296978e-02   1.0457463e-01  -1.9098152e-01  -1.8451764e-01  -1.9414735e-01  -6.1629853e-01  -2.0701664e-01  -1.3548881e-01  -9.1892867e-02   1.8703128e-02   2.0477248e-01   3.9492878e-01   3.1003247e-01   2.8732252e-01
   2.1113658e-01   6.2977342e-02   7.3314625e-02  -1.6005548e-01  -2.0686969e-01  -2.1655465e-01  -6.1542361e-01  -2.0453765e-01  -1.3005309e-01  -5.6382572e-02   3.6693718e-02   2.1572549e-01   4.1133949e-01   3.4212684e-01   2.3656265e-01
   2.0344709e-01   4.6960928e-02   2.6541535e-02  -1.2827353e-01  -2.2427179e-01  -2.5014503e-01  -5.9648413e-01  -2.0465729e-01  -1.2972540e-01  -2.0217160e-02   6.0839774e-02   2.2767331e-01   4.1884942e-01   3.8050328e-01   1.8895899e-01
   1.9615898e-01   3.5618747e-02  -2.9349637e-02  -1.0123107e-01  -2.3476316e-01  -2.9067354e-01  -5.6009252e-01  -2.0521816e-01  -1.3435000e-01   1.1538773e-02   8.7555454e-02   2.4048078e-01   4.1554597e-01   4.1782016e-01   1.5095922e-01
   1.8878040e-01   3.1194573e-02  -8.7189910e-02  -8.2785546e-02  -2.3787602e-01  -3.3417467e-01  -5.1076259e-01  -2.0483988e-01  -1.4195377e-01   3.4273190e-02   1.1347651e-01   2.5344239e-01   4.0230487e-01   4.4868135e-01   1.2742909e-01
   1.8113841e-01   3.5578371e-02  -1.4078098e-01  -7.3020511e-02  -2.3411014e-01  -3.7788021e-01  -4.5517843e-01  -2.0254804e-01  -1.5061092e-01   4.5374106e-02   1.3636909e-01   2.6633873e-01   3.8180931e-01   4.7027323e-01   1.1724797e-01
   1.7301210e-01   4.8153994e-02  -1.8583996e-01  -7.1212801e-02  -2.2439225e-01  -4.2038327e-01  -3.9968749e-01  -1.9758789e-01  -1.5876433e-01   4.6555237e-02   1.5488026e-01   2.7939131e-01   3.5709879e-01   4.8114104e-01   1.1763528e-01
   1.6416603e-01   6.5246232e-02  -2.1935555e-01  -7.6361816e-02  -2.1123750e-01  -4.6110242e-01  -3.4857267e-01  -1.8927518e-01  -1.6496050e-01   4.1150064e-02   1.6839982e-01   2.9322185e-01   3.3218362e-01   4.8040856e-01   1.2608946e-01
   1.5438169e-01   8.3825353e-02  -2.3885732e-01  -8.7510400e-02  -1.9813281e-01  -4.9991520e-01  -3.0439527e-01  -1.7893000e-01  -1.6762340e-01   3.2241606e-02   1.7730829e-01   3.0888262e-01   3.1073480e-01   4.6711857e-01   1.4087148e-01
   1.4283452e-01   1.0121341e-01  -2.4497604e-01  -1.0396370e-01  -1.8764476e-01  -5.3610841e-01  -2.6826617e-01  -1.6820856e-01  -1.6460612e-01   2.2383819e-02   1.8358063e-01   3.2692373e-01   2.9521507e-01   4.4106964e-01   1.6055295e-01
   1.2790412e-01   1.1427457e-01  -2.4015468e-01  -1.2485962e-01  -1.8140740e-01  -5.6832606e-01  -2.4021402e-01  -1.5774218e-01  -1.5326491e-01   1.3951694e-02   1.8864560e-01   3.4648052e-01   2.8692550e-01   4.0442735e-01   1.8335953e-01
   1.0936232e-01   1.1923279e-01  -2.2578874e-01  -1.4888872e-01  -1.8096316e-01  -5.9438724e-01  -2.2056110e-01  -1.4787090e-01  -1.3355825e-01   9.7478508e-03   1.9362136e-01   3.6620734e-01   2.8741037e-01   3.5923992e-01   2.0719615e-01
   8.8616021e-02   1.1132026e-01  -2.0333933e-01  -1.7420213e-01  -1.8835022e-01  -6.1108541e-01  -2.0983267e-01  -1.3933004e-01  -1.0658575e-01   1.2804124e-02   1.9927504e-01   3.8436751e-01   2.9832975e-01   3.0783301e-01   2.3017983e-01
   6.7439863e-02   8.5629017e-02  -1.7505025e-01  -1.9838456e-01  -2.0597749e-01  -6.1474484e-01  -2.0592094e-01  -1.3339187e-01  -7.4310694e-02   2.4883774e-02   2.0605593e-01   3.9846829e-01   3.2101796e-01   2.5352712e-01   2.5075868e-01
   4.8135799e-02   4.3224908e-02  -1.4418906e-01  -2.1845490e-01  -2.3508534e-01  -6.0180465e-01  -2.0568051e-01  -1.3160486e-01  -3.9762104e-02   4.4401509e-02   2.1421545e-01   4.0558648e-01   3.5303898e-01   2.0109762e-01   2.6688070e-01
   3.3192826e-02  -9.9832031e-03  -1.1560480e-01  -2.3210063e-01  -2.7252109e-01  -5.7172333e-01  -2.0657990e-01  -1.3492612e-01  -7.2872409e-03   6.8375520e-02   2.2408123e-01   4.0377525e-01   3.8782112e-01   1.5667865e-01   2.7680173e-01
   2.4792464e-02  -6.7227801e-02  -9.4253242e-02  -2.3844082e-01  -3.1420583e-01  -5.2764138e-01  -2.0698150e-01  -1.4174661e-01   1.8467994e-02   9.3404535e-02   2.3537984e-01   3.9297795e-01   4.1938231e-01   1.2614953e-01   2.7994257e-01
   2.4761429e-02  -1.2226934e-01  -8.1369082e-02  -2.3779143e-01  -3.5714442e-01  -4.7519324e-01  -2.0586565e-01  -1.5020659e-01   3.3979223e-02   1.1682841e-01   2.4746789e-01   3.7510723e-01   4.4399556e-01   1.1039045e-01   2.7730956e-01
   3.3901110e-02  -1.7044594e-01  -7.6409455e-02  -2.3089214e-01  -3.9952631e-01  -4.2066201e-01  -2.0242846e-01  -1.5869289e-01   3.8939714e-02   1.3691164e-01   2.6019907e-01   3.5251757e-01   4.5953304e-01   1.0660794e-01   2.7044711e-01
   4.9262430e-02  -2.0858871e-01  -7.8581011e-02  -2.1924085e-01  -4.4056114e-01  -3.6886835e-01  -1.9589092e-01  -1.6586524e-01   3.6249528e-02   1.5260195e-01   2.7375155e-01   3.2835431e-01   4.6460619e-01   1.1193939e-01   2.6083086e-01
   6.7345731e-02  -2.3408446e-01  -8.6997465e-02  -2.0619105e-01  -4.7988260e-01  -3.2280479e-01  -1.8651371e-01  -1.7029050e-01   2.8875828e-02   1.6347565e-01   2.8869882e-01   3.0608581e-01   4.5794466e-01   1.2416984e-01   2.5016823e-01
   8.5333978e-02  -2.4570844e-01  -1.0101998e-01  -1.9477244e-01  -5.1718467e-01  -2.8425396e-01  -1.7623896e-01  -1.7028620e-01   1.9386404e-02   1.7073234e-01   3.0573427e-01   2.8849770e-01   4.3819325e-01   1.4170663e-01   2.3988007e-01
   1.0023403e-01  -2.4582632e-01  -1.2002080e-01  -1.8698842e-01  -5.5117662e-01  -2.5365355e-01  -1.6614523e-01  -1.6323201e-01   9.9785379e-03   1.7594053e-01   3.2436038e-01   2.7703537e-01   4.0656224e-01   1.6281558e-01   2.3011629e-01
   1.0857753e-01  -2.3621723e-01  -1.4296029e-01  -1.8438680e-01  -5.8028045e-01  -2.3121639e-01  -1.5668165e-01  -1.4792381e-01   3.1621799e-03   1.8023595e-01   3.4331144e-01   2.7304141e-01   3.6516332e-01   1.8552893e-01   2.2064586e-01
   1.0622983e-01  -2.1816424e-01  -1.6821877e-01  -1.8870897e-01  -6.0178545e-01  -2.1765187e-01  -1.4832833e-01  -1.2512861e-01   1.9413465e-03   1.8467106e-01   3.6129070e-01   2.7832224e-01   3.1631789e-01   2.0784939e-01   2.1136378e-01
   8.8253619e-02  -1.9345795e-01  -1.9361736e-01  -2.0218265e-01  -6.1237599e-01  -2.1212428e-01  -1.4206510e-01  -9.6293394e-02   9.1288889e-03   1.9000874e-01   3.7645082e-01   2.9466601e-01   2.6303595e-01   2.2850701e-01   2.0206570e-01
   5.2507151e-02  -1.6464034e-01  -2.1630119e-01  -2.2680813e-01  -6.0823043e-01  -2.1154954e-01  -1.3914247e-01  -6.3705986e-02   2.4656243e-02   1.9677116e-01   3.8625314e-01   3.2224943e-01   2.0950306e-01   2.4589715e-01   1.9254076e-01
   3.6381168e-03  -1.3558641e-01  -2.3340777e-01  -2.6130448e-01  -5.8705405e-01  -2.1292546e-01  -1.4094533e-01  -3.0880803e-02   4.6256689e-02   2.0543427e-01   3.8841060e-01   3.5594762e-01   1.6139009e-01   2.5827194e-01   1.8275496e-01
  -5.1861574e-02  -1.1133542e-01  -2.4324870e-01  -3.0142110e-01  -5.5010741e-01  -2.1409178e-01  -1.4668449e-01  -2.2498790e-03   7.0812603e-02   2.1628433e-01   3.8202953e-01   3.8945867e-01   1.2498542e-01   2.6456035e-01   1.7286946e-01
  -1.0742953e-01  -9.4800369e-02  -2.4553934e-01  -3.4358878e-01  -5.0171635e-01  -2.1370029e-01  -1.5437136e-01   1.8174332e-02   9.5366485e-02   2.2864599e-01   3.6818701e-01   4.1807104e-01   1.0397025e-01   2.6509661e-01   1.6363431e-01
  -1.5764244e-01  -8.5778076e-02  -2.4076043e-01  -3.8538926e-01  -4.4788720e-01  -2.1078110e-01  -1.6220765e-01   2.8297677e-02   1.1786988e-01   2.4219792e-01   3.4909139e-01   4.3906732e-01   9.6508696e-02   2.6128001e-01   1.5613326e-01
  -1.9893271e-01  -8.3761566e-02  -2.2998433e-01  -4.2582305e-01  -3.9434489e-01  -2.0474868e-01  -1.6894759e-01   2.9915343e-02   1.3683484e-01   2.5682977e-01   3.2721144e-01   4.5065974e-01   9.9588843e-02   2.5443575e-01   1.5106708e-01
  -2.2882845e-01  -8.8206774e-02  -2.1616698e-01  -4.6467212e-01  -3.4510542e-01  -1.9535404e-01  -1.7353084e-01   2.5729562e-02   1.5124059e-01   2.7264672e-01   3.0576818e-01   4.5128797e-01   1.1044490e-01   2.4583638e-01   1.4891032e-01
  -2.4525673e-01  -9.8621781e-02  -2.0286785e-01  -5.0194365e-01  -3.0269208e-01  -1.8436893e-01  -1.7468203e-01   1.8206821e-02   1.6113870e-01   2.9011454e-01   2.8761456e-01   4.3917992e-01   1.2704989e-01   2.3687240e-01   1.5025620e-01
  -2.4942250e-01  -1.1464662e-01  -1.9269078e-01  -5.3675519e-01  -2.6827110e-01  -1.7350894e-01  -1.7038898e-01   9.4043463e-03   1.6798241e-01   3.0905510e-01   2.7447601e-01   4.1381175e-01   1.4757524e-01   2.2798326e-01   1.5539599e-01
  -2.4369291e-01  -1.3561626e-01  -1.8742704e-01  -5.6765640e-01  -2.4216277e-01  -1.6356880e-01  -1.5848874e-01   1.3677873e-03   1.7264417e-01   3.2796537e-01   2.6718981e-01   3.7682239e-01   1.6980350e-01   2.1860954e-01   1.6421034e-01
  -2.2953352e-01  -1.6027849e-01  -1.8879482e-01  -5.9217844e-01  -2.2502841e-01  -1.5511743e-01  -1.3943863e-01  -3.3529674e-03   1.7580879e-01   3.4499266e-01   2.6693056e-01   3.2994135e-01   1.9120378e-01   2.0821783e-01   1.7662775e-01
  -2.0870318e-01  -1.8674644e-01  -1.9892298e-01  -6.0706624e-01  -2.1736760e-01  -1.4913160e-01  -1.1470800e-01  -2.0192005e-03   1.7792205e-01   3.5799265e-01   2.7498448e-01   2.7557932e-01   2.0968114e-01   1.9627173e-01   1.9223390e-01
  -1.8386307e-01  -2.1260371e-01  -2.2012242e-01  -6.0911253e-01  -2.1699535e-01  -1.4704121e-01  -8.6672500e-02   6.4816197e-03   1.7935898e-01   3.6450151e-01   2.9232803e-01   2.1753858e-01   2.2359463e-01   1.8242409e-01   2.1018335e-01
  -1.5841160e-01  -2.3491816e-01  -2.5291301e-01  -5.9604927e-01  -2.2082031e-01  -1.5018717e-01  -5.8311720e-02   2.0627929e-02   1.8107557e-01   3.6290129e-01   3.1661840e-01   1.6163343e-01   2.3178884e-01   1.6717254e-01   2.2979323e-01
  -1.3672868e-01  -2.5154473e-01  -2.9362090e-01  -5.6854136e-01  -2.2625564e-01  -1.5873417e-01  -3.3285225e-02   3.8103474e-02   1.8437258e-01   3.5300460e-01   3.4269404e-01   1.1459388e-01   2.3390300e-01   1.5139461e-01   2.5064452e-01
  -1.2255422e-01  -2.6156875e-01  -3.3824169e-01  -5.2972747e-01  -2.3141606e-01  -1.7052132e-01  -1.5161466e-02   5.6404905e-02   1.8958376e-01   3.3588903e-01   3.6606651e-01   8.1979286e-02   2.3041665e-01   1.3608344e-01   2.7276740e-01
